2-10-3
4.9722147749376076
4.669086670534955
3.3338048338312367
4.448916959474339
4.013544099572687
-2.5075123452812553
-4.597146718515768
2.602966467317816
-3.560502131027866
0.5534640122320668
4.834318782436593
-2.0399427743535905
3.241399559234912
4.295674156557769
-1.5993974551611168
-2.6134711369933155
1.107226072307145
-0.9591180708866066
7.528050993411991
-3.589947760331067
-2.3566251099542
4.664976122056164
7.955791081622735
1.2056137936880775
-1.4625139651639543
-4.988372010559212
-0.20102885713153945
2.809301111862527
3.030388986118504
-1.931692217812125
3.2608029740348186
5.9078346364427405
2.0555440585815288
-0.48648401306670547
-4.156985933996381
-4.201087305833119
-5.249165975007712
-3.2989750120738917
-8.342229378719946
-6.042257314704046
0.45454091471446395
0.6665059170930924
-0.5654298006823913
-3.2762278899560333
5.847384350807038
-0.4246668897440749
-10.182152612101603
-5.723529182768162
-4.779824203342606
0.22704460516612876
