2-100-3
0.35327030669888393
0.5160852937218267
0.5291175973419585
1.4347973203279545
0.8984337220678579
0.24573902998600286
0.6912908459464044
1.2752380228952225
0.6766573695792826
0.1403430017896879
1.104786057123567
0.4498337371311304
0.7125999905014672
0.8747682687458088
0.47768488989479696
0.6375873243467441
1.2590731230577743
1.3809601260218831
0.9788467721169809
0.3017172384378186
0.2931313968487598
0.7914975120335958
0.38659710822236093
1.2061236199522842
0.8603135543756252
0.5040859933616516
1.3247718951267615
0.9365978988551672
0.261021792128488
0.945102702663907
1.2729776645747581
1.3063601106237719
0.16970731867857666
1.2616800311267384
0.33148091942626645
0.24874945850662775
0.8179596000763836
1.1169305105733323
1.2584453417105925
0.31688654043112197
0.1567762294568167
1.4017840029772897
0.6782899618123664
1.2208674735820613
0.4412204273827822
0.8095243515938202
0.3847464607520662
0.33754222824067615
1.3523523709449552
0.4454808572533777
1.130747558622876
0.8261720128254384
0.5867507822473265
0.16444611151547242
0.8095845683217675
0.2752526163009692
1.0031204153445215
0.34225966303110555
1.4878252616049072
0.2915327546215324
0.9184112050890253
0.6956137313983088
1.1502892958004431
1.1217482882802714
0.7925540041480517
0.365504883625721
1.46093207675629
1.070836409859359
0.7313481009617643
0.37487197812679907
0.7307933842815326
0.9473848094886179
0.37121493288947394
0.5598288266111116
1.0152212729369539
0.22781406446343894
0.18746248363622597
0.35651633711957376
0.4373866236741428
0.48528272772885783
1.289383946445798
0.4019664901497053
0.25365859294160437
0.677548085138688
0.9309448896058797
0.37748815436070426
1.238715397036665
1.3300059101856136
1.4749916860293735
0.6869506746365504
1.4743202582300283
0.285876797637973
0.4018447241320634
0.8199598277063642
0.3754964012688944
0.12499714799498084
1.3498187723195392
0.2012868819451729
0.9813898521604173
1.1759158613720488
1.1156431619852465
0.37302897780584643
0.9754138089395658
0.6629901322462071
1.026933722335121
1.4948465701434461
0.5803225459377369
1.140915206812124
0.5267982300759511
0.9802402421285618
0.7986679104057036
0.37361599247046173
0.5823372151100226
1.2131971072852226
0.43764569996846714
0.8126700109798214
0.24423066266096327
1.3096534033889187
0.3696446157396429
0.4224234700755011
0.3437819774680757
1.002087816180169
1.1358642944029276
0.38470479652184575
0.9167196048432625
0.9331767566310339
1.1001742832834516
0.7955314706144199
1.2897363564344388
1.1458102555621206
1.1039402737105788
0.6394490566484381
1.2561766403123609
1.3518842280797299
0.7598485137588915
0.8941326605455937
0.40146090173377635
1.0511519939578209
1.1538141651921945
0.9786235644486204
0.4167669582731607
0.15403528562033159
0.9988639295857326
1.3130668210795644
1.3611665151607095
0.23866215727693377
0.20343808756674026
0.10605557067586187
0.49784652145009445
0.1425160809980344
1.3788615679057452
1.4276829689867936
1.139222687100184
0.8529480585792584
0.21678868686066427
1.1621421632561133
0.6886838727908399
1.0184208531685395
0.9172305001634825
0.36320859188359467
0.16338495067795294
0.45372095113133515
0.9413287506589909
1.0591803576902932
0.12293528629418048
0.357492105906418
0.5003447135428809
0.8708449557160954
0.11301018855775719
0.5993103696705712
0.37338640302437565
0.11678240929220587
0.26084218121824915
0.16613859953371451
1.2712017106485953
0.5848074891007558
1.3312282240009436
1.0843652991745116
0.4319204329580574
1.2465956361600607
0.7671194529396645
0.2537494925514335
1.446931894023538
0.2845294616535812
0.9980389883463152
0.4434611875284381
0.8711407108629416
0.4855448996057514
1.4025034206727263
0.6080237251904812
1.371646993706091
0.33624813829037076
0.5573034357556271
1.282331406467367
1.2124522354519334
0.4268169370627489
0.3969280974732422
0.3100334709129121
0.3600970738050432
0.2381919082620926
0.4405976329830935
1.148442125031565
1.426191629961184
1.4478052261682186
1.122298972984358
0.4757399447074617
1.4376037608777608
1.1435873935839027
1.0808979968288737
0.4026289182797106
0.843625078636328
0.1842337301443778
1.432832252899626
0.8606806341189138
1.231739824645973
0.385704983467836
0.15906713832734004
0.10351437799238626
0.7296759695182896
1.2496789854856691
0.5909291524023838
1.1145469198581144
1.4212224304794887
0.9791616846787494
0.17610848451554492
1.066425225433853
0.896851495267057
0.9497086213064391
0.24655340660374628
1.2223703070363408
1.4974899125502756
0.6217002038101179
0.19415893864723746
0.20852751490195767
0.6908366136505728
1.4898554897237555
1.4880809589587027
0.2190363486097846
0.1444302945679337
0.6706627237359375
0.5391878852984199
0.24189898096719814
1.0282241917738093
1.126645757400374
0.33259060610057867
1.0138451392190595
0.6917303534869015
0.318378300666153
0.608371665629228
0.12625712856161875
0.3168503510931373
1.2609002940846765
1.1735643618879088
0.11183665783690595
1.0473141310992593
0.34068243793917663
1.0751118605405576
1.2430618580482358
1.2392032427347233
0.4225274266406476
0.8539661835034151
0.16860032765720828
0.6643394698563957
0.5427881489189913
1.134666684314049
0.20271127658572735
0.929374551794011
1.4460263839739005
1.3826677493834456
1.0652868108681761
1.4482214256793442
0.5767261785113122
1.383363628288398
1.1465495817964089
0.4240220748739648
1.0859197621171346
0.4621904429273983
1.1405416049282462
0.8591514574562468
0.15457462400864605
0.8743624798367956
0.9554056586214086
1.017812450492058
0.27133415755722334
0.34573169979403207
1.3660784475567471
1.015580547122296
0.6316950302223862
1.0429375550629185
0.5263812858018846
0.3038123135979973
0.7489472250516209
0.29144502919637605
1.402611857149186
0.5541359531931994
0.4841952309042249
0.14424750903093742
0.42960741554637316
1.029297360633865
0.4135203184471007
1.231941919156209
0.6228670765995183
0.7514394282923182
1.3548366476946014
1.3965617184091632
1.2066877879015623
1.44744718957697
1.3752355235815956
1.22698496742226
0.7383866116387008
0.36329617587920193
1.0916052650883716
0.9729121323142418
0.9225478531383781
0.5953955578592824
0.36305518827005256
1.2173404793055318
1.4168518298573232
0.1867232424771311
0.9531650044442642
0.7341389499559454
1.132408691334001
0.47910389131130204
1.4133236033509171
0.34775957164233584
0.22663832127341818
0.9002858591580576
1.3054119958022212
1.3462991773316573
0.5756037877227603
1.495527843486432
0.14282892936334246
1.0770562640471306
0.19532412289283668
0.4882107310761241
1.0833488356136374
0.37540674492579595
1.0579581130878268
0.3725444777433842
1.2555442613824028
1.2432519617442008
0.6188692056297013
0.703744945270344
1.2424973395794123
0.7024729987545859
1.3344477537067325
0.25710998618162695
1.0822667088933713
1.0017538619363024
0.3081850026791367
0.17722919303405477
0.17406868051538307
1.3518160068027185
1.3538592167674315
0.9321156742695996
0.30237339366315125
1.104537491171902
0.8098130557126241
1.1243540500874114
0.20810951431736383
0.5756078582707628
0.3771668539533789
0.49241184362875523
0.34691237673245756
0.13830112471619943
0.2874310886015964
0.9600683133441084
1.2788430152378063
0.7876284081106846
0.8313474352370285
0.9604674374137195
0.33224832496755374
1.4895608872278334
1.3009056371936876
0.67360766812202
0.17642337139223782
1.0891944043596353
0.7103503885959114
0.8721352163521993
0.523480792694573
0.5546559651073252
1.469609617862944
0.5701128410511342
0.15932275558480638
1.2802325237650591
1.0849425812285058
0.21299011083785718
0.47685441774540305
1.4626319057849444
0.7567239529275972
0.5343060236383058
1.0515692910786538
0.9984653679502219
1.03314633530788
1.4357104858473462
1.3603793351014857
0.928971298713487
0.6612417921188968
1.3216937933998585
0.4990547666301236
0.37967883087427146
0.25298952255787766
0.43897043346130016
1.3018809301406953
0.4081401575504714
0.35439410397778326
0.932765932939518
1.0091311106607275
0.5820398585434884
0.5692863576741384
0.9383120265878835
0.9636976206137198
0.2629191626946771
0.7472153328250881
1.4756585094832746
0.9477140346690559
1.4674332307749114
0.6961677661671615
0.6094664309796611
0.49324517393715483
1.4184883027086015
1.2259681142291126
0.27275008327720085
1.218112720155987
1.0827862712300553
1.367079873634018
1.334592318894187
0.14866650970005132
1.119233458373801
0.7421454421226993
0.916659626406896
0.8958045537217105
0.5343496669949507
0.49396973194460836
1.031900742259393
0.4487857964647002
0.5562442293600289
1.2937693535093402
0.531115281214898
0.24337319005159683
1.3979042322665665
0.3673765894403819
0.4991347730936123
0.8465853859566974
0.4834712656231914
0.9847046595109982
0.8421624042741722
0.47982904132673043
1.3578610776957605
0.25914776847735016
0.2513730377488771
0.4754245084640101
0.4905118924032029
0.5987066530966207
1.4151794513993114
1.2285309421627253
1.1182250721008833
1.339497864213005
0.48362548401976446
0.667218470725533
1.1499932401407331
0.37492141612134133
0.9631712448889008
1.1179274106098072
0.9783894231806276
0.770129837720778
0.838690851903254
0.8917968316039028
0.20752086501133343
0.42155741610664643
0.781807270999971
0.35933666111947327
0.8167310031699292
1.1851369572403447
1.2107435299106646
1.116659849656141
0.9321624990592692
0.35444744305483333
0.5166747470334312
0.2759838421647872
0.7749742982215749
0.5214041710782187
0.9651195702107018
0.13635137540332035
0.6954347800289712
1.0972192325112136
0.6182145962796116
0.707514539680672
0.28629338841025553
0.3102278972593844
1.3047700556145148
0.770667200780879
0.9967624434142425
0.9297938355981975
0.9898093921999742
0.7642027999641946
0.4401204316980497
0.8918725318124633
0.46385064247782626
0.9809178834666153
