-3.073465769229521
-5.203643288209578
-6.530338809476895
3.5399935818540054
1.2434581644959457
5.879437998556484
-6.185013593789415
3.7015263766343827
-3.6677565626971442
-2.447448210219596
0.8152516379045096
1.176382576287163
-2.6122791201481306
-0.9985701207369739
6.081561591942724
-5.859439411564208
0.107543680524881
3.2727232537868947
-12.266866688345708
-8.011221287001622
-5.930146992432583
8.863609529995522
-3.4467148529714726
-8.21324961368024
1.6550266623271046
-9.76215372657689
-1.1218494040596063
2.3749882924182018
5.6774924953089085
6.483330484536141
